1.000000000000000000e+00
1.000360738959332307e+00
1.000721608348386082e+00
1.001082608214427072e+00
1.001443738604737677e+00
1.001804999566617616e+00
1.002166391147384150e+00
1.002527913394371417e+00
1.002889566354930651e+00
1.003251350076430182e+00
1.003613264606256328e+00
1.003975309991811393e+00
1.004337486280516112e+00
1.004699793519807205e+00
1.005062231757140045e+00
1.005424801039986216e+00
1.005787501415834839e+00
1.006150332932192137e+00
1.006513295636581651e+00
1.006876389576544684e+00
1.007239614799639194e+00
1.007602971353440235e+00
1.007966459285540850e+00
1.008330078643550953e+00
1.008693829475098003e+00
1.009057711827826331e+00
1.009421725749397813e+00
1.009785871287491643e+00
1.010150148489804112e+00
1.010514557404049496e+00
1.010879098077958504e+00
1.011243770559280497e+00
1.011608574895780155e+00
1.011973511135241255e+00
1.012338579325464449e+00
1.012703779514267044e+00
1.013069111749485218e+00
1.013434576078971139e+00
1.013800172550594292e+00
1.014165901212243259e+00
1.014531762111821500e+00
1.014897755297252457e+00
1.015263880816475117e+00
1.015630138717446451e+00
1.015996529048141195e+00
1.016363051856550959e+00
1.016729707190685117e+00
1.017096495098570585e+00
1.017463415628251155e+00
1.017830468827789048e+00
1.018197654745262692e+00
1.018564973428768949e+00
1.018932424926421998e+00
1.019300009286352893e+00
1.019667726556711118e+00
1.020035576785662812e+00
1.020403560021391876e+00
1.020771676312100196e+00
1.021139925706006091e+00
1.021508308251346975e+00
1.021876823996375805e+00
1.022245472989364856e+00
1.022614255278602613e+00
1.022983170912395989e+00
1.023352219939069441e+00
1.023721402406964298e+00
1.024090718364439878e+00
1.024460167859872817e+00
1.024829750941657958e+00
1.025199467658207020e+00
1.025569318057949264e+00
1.025939302189332381e+00
1.026309420100820713e+00
1.026679671840897035e+00
1.027050057458060994e+00
1.027420577000830004e+00
1.027791230517739463e+00
1.028162018057342308e+00
1.028532939668209023e+00
1.028903995398927185e+00
1.029275185298103468e+00
1.029646509414360533e+00
1.030017967796339695e+00
1.030389560492699585e+00
1.030761287552116379e+00
1.031133149023284901e+00
1.031505144954916409e+00
1.031877275395740590e+00
1.032249540394504450e+00
1.032621939999972760e+00
1.032994474260928497e+00
1.033367143226171514e+00
1.033739946944520094e+00
1.034112885464810061e+00
1.034485958835894781e+00
1.034859167106645828e+00
1.035232510325951649e+00
1.035605988542719347e+00
1.035979601805873340e+00
1.036353350164356035e+00
1.036727233667127157e+00
1.037101252363165305e+00
1.037475406301465508e+00
1.037849695531041450e+00
1.038224120100924130e+00
1.038598680060162538e+00
1.038973375457824089e+00
1.039348206342993075e+00
1.039723172764772219e+00
1.040098274772281561e+00
1.040473512414659574e+00
1.040848885741062269e+00
1.041224394800663644e+00
1.041600039642655018e+00
1.041975820316246581e+00
1.042351736870665624e+00
1.042727789355157197e+00
1.043103977818985006e+00
1.043480302311430519e+00
1.043856762881792077e+00
1.044233359579386899e+00
1.044610092453550187e+00
1.044986961553634464e+00
1.045363966929010457e+00
1.045741108629067107e+00
1.046118386703210668e+00
1.046495801200865827e+00
1.046873352171475258e+00
1.047251039664499173e+00
1.047628863729416437e+00
1.048006824415723015e+00
1.048384921772933298e+00
1.048763155850579887e+00
1.049141526698213367e+00
1.049520034365401644e+00
1.049898678901731275e+00
1.050277460356806580e+00
1.050656378780250089e+00
1.051035434221702092e+00
1.051414626730821089e+00
1.051793956357283566e+00
1.052173423150784215e+00
1.052553027161035493e+00
1.052932768437767841e+00
1.053312647030730353e+00
1.053692662989689444e+00
1.054072816364430398e+00
1.054453107204756046e+00
1.054833535560486979e+00
1.055214101481462885e+00
1.055594805017540549e+00
1.055975646218596076e+00
1.056356625134521776e+00
1.056737741815230169e+00
1.057118996310650649e+00
1.057500388670731262e+00
1.057881918945437594e+00
1.058263587184753884e+00
1.058645393438682802e+00
1.059027337757244558e+00
1.059409420190478013e+00
1.059791640788439793e+00
1.060173999601204731e+00
1.060556496678866312e+00
1.060939132071535562e+00
1.061321905829342604e+00
1.061704818002434658e+00
1.062087868640978039e+00
1.062471057795157048e+00
1.062854385515173972e+00
1.063237851851249749e+00
1.063621456853623082e+00
1.064005200572551102e+00
1.064389083058309371e+00
1.064773104361191658e+00
1.065157264531509940e+00
1.065541563619594401e+00
1.065926001675793877e+00
1.066310578750474747e+00
1.066695294894022483e+00
1.067080150156840324e+00
1.067465144589349491e+00
1.067850278241991191e+00
1.068235551165223063e+00
1.068620963409521840e+00
1.069006515025382464e+00
1.069392206063318973e+00
1.069778036573862279e+00
1.070164006607562612e+00
1.070550116214989300e+00
1.070936365446727878e+00
1.071322754353384532e+00
1.071709282985582101e+00
1.072095951393963187e+00
1.072482759629187710e+00
1.072869707741934686e+00
1.073256795782901341e+00
1.073644023802802661e+00
1.074031391852373618e+00
1.074418899982365838e+00
1.074806548243550708e+00
1.075194336686717378e+00
1.075582265362673651e+00
1.075970334322245536e+00
1.076358543616278141e+00
1.076746893295634111e+00
1.077135383411195857e+00
1.077524014013862441e+00
1.077912785154553355e+00
1.078301696884205185e+00
1.078690749253774062e+00
1.079079942314233653e+00
1.079469276116576726e+00
1.079858750711814253e+00
1.080248366150976524e+00
1.080638122485111374e+00
1.081028019765285286e+00
1.081418058042584063e+00
1.081808237368111492e+00
1.082198557792989790e+00
1.082589019368360272e+00
1.082979622145382237e+00
1.083370366175234079e+00
1.083761251509112622e+00
1.084152278198233121e+00
1.084543446293829483e+00
1.084934755847154264e+00
1.085326206909479119e+00
1.085717799532093020e+00
1.086109533766305146e+00
1.086501409663442441e+00
1.086893427274850721e+00
1.087285586651894231e+00
1.087677887845956093e+00
1.088070330908437855e+00
1.088462915890760163e+00
1.088855642844361871e+00
1.089248511820700926e+00
1.089641522871253709e+00
1.090034676047515472e+00
1.090427971401000118e+00
1.090821408983239760e+00
1.091214988845786271e+00
1.091608711040209290e+00
1.092002575618097771e+00
1.092396582631059321e+00
1.092790732130719755e+00
1.093185024168724206e+00
1.093579458796737125e+00
1.093974036066440059e+00
1.094368756029534984e+00
1.094763618737741417e+00
1.095158624242798862e+00
1.095553772596464581e+00
1.095949063850515159e+00
1.096344498056745831e+00
1.096740075266970704e+00
1.097135795533022762e+00
1.097531658906753638e+00
1.097927665440034062e+00
1.098323815184753416e+00
1.098720108192819733e+00
1.099116544516160809e+00
1.099513124206722203e+00
1.099909847316468348e+00
1.100306713897383881e+00
1.100703724001470540e+00
1.101100877680750934e+00
1.101498174987264544e+00
1.101895615973070619e+00
1.102293200690248165e+00
1.102690929190893954e+00
1.103088801527124074e+00
1.103486817751073712e+00
1.103884977914896481e+00
1.104283282070765759e+00
1.104681730270872686e+00
1.105080322567429052e+00
1.105479059012663745e+00
1.105877939658826081e+00
1.106276964558183362e+00
1.106676133763022651e+00
1.107075447325650108e+00
1.107474905298389212e+00
1.107874507733584757e+00
1.108274254683599080e+00
1.108674146200814281e+00
1.109074182337630887e+00
1.109474363146468523e+00
1.109874688679766574e+00
1.110275158989982636e+00
1.110675774129593840e+00
1.111076534151095974e+00
1.111477439107004361e+00
1.111878489049853425e+00
1.112279684032196458e+00
1.112681024106605410e+00
1.113082509325671987e+00
1.113484139742006773e+00
1.113885915408239224e+00
1.114287836377018781e+00
1.114689902701012869e+00
1.115092114432908899e+00
1.115494471625412487e+00
1.115896974331249680e+00
1.116299622603164510e+00
1.116702416493921213e+00
1.117105356056302234e+00
1.117508441343109338e+00
1.117911672407164492e+00
1.118315049301307429e+00
1.118718572078398310e+00
1.119122240791315281e+00
1.119526055492956473e+00
1.119930016236239778e+00
1.120334123074101296e+00
1.120738376059496222e+00
1.121142775245400180e+00
1.121547320684806781e+00
1.121952012430730061e+00
1.122356850536201822e+00
1.122761835054274737e+00
1.123166966038019909e+00
1.123572243540527760e+00
1.123977667614907805e+00
1.124383238314289546e+00
1.124788955691821135e+00
1.125194819800670487e+00
1.125600830694024168e+00
1.126006988425088950e+00
1.126413293047090480e+00
1.126819744613273278e+00
1.127226343176902290e+00
1.127633088791260674e+00
1.128039981509651790e+00
1.128447021385398319e+00
1.128854208471841591e+00
1.129261542822342701e+00
1.129669024490282503e+00
1.130076653529060726e+00
1.130484429992097084e+00
1.130892353932830163e+00
1.131300425404717647e+00
1.131708644461238089e+00
1.132117011155887587e+00
1.132525525542183109e+00
1.132934187673660276e+00
1.133342997603874691e+00
1.133751955386401056e+00
1.134161061074833166e+00
1.134570314722785245e+00
1.134979716383890835e+00
1.135389266111802353e+00
1.135798963960191754e+00
1.136208809982750534e+00
1.136618804233190616e+00
1.137028946765242132e+00
1.137439237632655642e+00
1.137849676889200801e+00
1.138260264588666804e+00
1.138671000784862608e+00
1.139081885531616711e+00
1.139492918882776706e+00
1.139904100892210170e+00
1.140315431613804220e+00
1.140726911101466179e+00
1.141138539409121355e+00
1.141550316590715708e+00
1.141962242700214958e+00
1.142374317791604366e+00
1.142786541918888066e+00
1.143198915136090621e+00
1.143611437497255690e+00
1.144024109056447136e+00
1.144436929867748143e+00
1.144849899985260988e+00
1.145263019463108822e+00
1.145676288355433226e+00
1.146089706716396650e+00
1.146503274600179756e+00
1.146916992060984519e+00
1.147330859153031124e+00
1.147744875930560848e+00
1.148159042447833400e+00
1.148573358759128915e+00
1.148987824918747291e+00
1.149402440981007745e+00
1.149817207000249475e+00
1.150232123030831666e+00
1.150647189127132597e+00
1.151062405343550754e+00
1.151477771734504607e+00
1.151893288354431721e+00
1.152308955257790091e+00
1.152724772499057249e+00
1.153140740132730269e+00
1.153556858213326430e+00
1.153973126795382775e+00
1.154389545933455441e+00
1.154806115682122103e+00
1.155222836095978201e+00
1.155639707229639823e+00
1.156056729137743933e+00
1.156473901874945698e+00
1.156891225495921161e+00
1.157308700055365902e+00
1.157726325607995488e+00
1.158144102208545023e+00
1.158562029911770486e+00
1.158980108772446505e+00
1.159398338845367915e+00
1.159816720185349981e+00
1.160235252847227505e+00
1.160653936885855719e+00
1.161072772356108729e+00
1.161491759312881955e+00
1.161910897811089249e+00
1.162330187905665557e+00
1.162749629651565364e+00
1.163169223103763361e+00
1.163588968317253336e+00
1.164008865347050614e+00
1.164428914248189617e+00
1.164849115075723862e+00
1.165269467884728849e+00
1.165689972730298285e+00
1.166110629667547194e+00
1.166531438751609473e+00
1.166952400037640336e+00
1.167373513580813427e+00
1.167794779436324371e+00
1.168216197659387223e+00
1.168637768305236690e+00
1.169059491429127906e+00
1.169481367086335544e+00
1.169903395332154483e+00
1.170325576221900032e+00
1.170747909810907261e+00
1.171170396154531002e+00
1.171593035308146957e+00
1.172015827327150816e+00
1.172438772266957807e+00
1.172861870183004029e+00
1.173285121130744901e+00
1.173708525165656491e+00
1.174132082343235517e+00
1.174555792718997793e+00
1.174979656348480006e+00
1.175403673287239048e+00
1.175827843590851796e+00
1.176252167314914665e+00
1.176676644515046055e+00
1.177101275246882572e+00
1.177526059566081917e+00
1.177950997528322663e+00
1.178376089189302478e+00
1.178801334604739681e+00
1.179226733830373242e+00
1.179652286921961890e+00
1.180077993935284786e+00
1.180503854926141294e+00
1.180929869950350986e+00
1.181356039063754082e+00
1.181782362322210567e+00
1.182208839781601295e+00
1.182635471497826885e+00
1.183062257526808603e+00
1.183489197924487923e+00
1.183916292746826748e+00
1.184343542049806963e+00
1.184770945889431104e+00
1.185198504321722357e+00
1.185626217402723448e+00
1.186054085188498419e+00
1.186482107735130631e+00
1.186910285098724760e+00
1.187338617335405466e+00
1.187767104501317617e+00
1.188195746652627172e+00
1.188624543845519188e+00
1.189053496136200705e+00
1.189482603580898079e+00
1.189911866235858762e+00
1.190341284157349744e+00
1.190770857401659777e+00
1.191200586025096708e+00
1.191630470083989923e+00
1.192060509634688792e+00
1.192490704733562890e+00
1.192921055437002886e+00
1.193351561801419880e+00
1.193782223883244287e+00
1.194213041738928727e+00
1.194644015424945582e+00
1.195075144997787220e+00
1.195506430513967544e+00
1.195937872030020221e+00
1.196369469602500013e+00
1.196801223287981664e+00
1.197233133143060790e+00
1.197665199224353882e+00
1.198097421588497191e+00
1.198529800292148284e+00
1.198962335391985601e+00
1.199395026944706455e+00
1.199827875007030586e+00
1.200260879635697719e+00
1.200694040887468228e+00
1.201127358819122914e+00
1.201560833487463009e+00
1.201994464949311281e+00
1.202428253261510482e+00
