1.000000000000000000e+00
1.001000500166708385e+00
1.002002001334000303e+00
1.003004504503377081e+00
1.004008010677341911e+00
1.005012520859400960e+00
1.006018036054064924e+00
1.007024557266848586e+00
1.008032085504273478e+00
1.009040621773867885e+00
1.010050167084167949e+00
1.011060722444719451e+00
1.012072288866077807e+00
1.013084867359809182e+00
1.014098458938492264e+00
1.015113064615718930e+00
1.016128685406094689e+00
1.017145322325240686e+00
1.018162976389793695e+00
1.019181648617408120e+00
1.020201340026755776e+00
1.021222051637528772e+00
1.022243784470438177e+00
1.023266539547217580e+00
1.024290317890621527e+00
1.025315120524428858e+00
1.026340948473442038e+00
1.027367802763489379e+00
1.028395684421425038e+00
1.029424594475130794e+00
1.030454533953516938e+00
1.031485503886522714e+00
1.032517505305118322e+00
1.033550539241305577e+00
1.034584606728117917e+00
1.035619708799623284e+00
1.036655846490923905e+00
1.037693020838157176e+00
1.038731232878497668e+00
1.039770483650157784e+00
1.040810774192388211e+00
1.041852105545479468e+00
1.042894478750763243e+00
1.043937894850612613e+00
1.044982354888443821e+00
1.046027859908716939e+00
1.047074410956937207e+00
1.048122009079655692e+00
1.049170655324470625e+00
1.050220350740028064e+00
1.051271096376024117e+00
1.052322893283204053e+00
1.053375742513364743e+00
1.054429645119355996e+00
1.055484602155080109e+00
1.056540614675494316e+00
1.057597683736611227e+00
1.058655810395500163e+00
1.059714995710287599e+00
1.060775240740158942e+00
1.061836546545359639e+00
1.062898914187195398e+00
1.063962344728033749e+00
1.065026839231305589e+00
1.066092398761505189e+00
1.067159024384192634e+00
1.068226717165993378e+00
1.069295478174600245e+00
1.070365308478774313e+00
1.071436209148346252e+00
1.072508181254216542e+00
1.073581225868357469e+00
1.074655344063813578e+00
1.075730536914703439e+00
1.076806805496219877e+00
1.077884150884631520e+00
1.078962574157283916e+00
1.080042076392600414e+00
1.081122658670083059e+00
1.082204322070314806e+00
1.083287067674958637e+00
1.084370896566760445e+00
1.085455809829549034e+00
1.086541808548238119e+00
1.087628893808826103e+00
1.088717066698398739e+00
1.089806328305128691e+00
1.090896679718277751e+00
1.091988122028197505e+00
1.093080656326330224e+00
1.094174283705210415e+00
1.095269005258465489e+00
1.096364822080817092e+00
1.097461735268081995e+00
1.098559745917173869e+00
1.099658855126102841e+00
1.100759063993979048e+00
1.101860373621010636e+00
1.102962785108507759e+00
1.104066299558881914e+00
1.105170918075647712e+00
1.106276641763423552e+00
1.107383471727933388e+00
1.108491409076007184e+00
1.109600454915582679e+00
1.110710610355705175e+00
1.111821876506530860e+00
1.112934254479325702e+00
1.114047745386467669e+00
1.115162350341447839e+00
1.116278070458871285e+00
1.117394906854458192e+00
1.118512860645045182e+00
1.119631932948585984e+00
1.120752124884152989e+00
1.121873437571938359e+00
1.122995872133254913e+00
1.124119429690536798e+00
1.125244111367342370e+00
1.126369918288352867e+00
1.127496851579375736e+00
1.128624912367343969e+00
1.129754101780318543e+00
1.130884420947489311e+00
1.132015870999175222e+00
1.133148453066826322e+00
1.134282168283024861e+00
1.135417017781486404e+00
1.136553002697060277e+00
1.137690124165731564e+00
1.138828383324621774e+00
1.139967781311990391e+00
1.141108319267235105e+00
1.142249998330894245e+00
1.143392819644647007e+00
1.144536784351314562e+00
1.145681893594861833e+00
1.146828148520398161e+00
1.147975550274178635e+00
1.149124100003605209e+00
1.150273798857227359e+00
1.151424647984744309e+00
1.152576648537005033e+00
1.153729801666010468e+00
1.154884108524913744e+00
1.156039570268021510e+00
1.157196188050796382e+00
1.158353963029855382e+00
1.159512896362973944e+00
1.160672989209085681e+00
1.161834242728283062e+00
1.162996658081820289e+00
1.164160236432112416e+00
1.165324978942737788e+00
1.166490886778439595e+00
1.167657961105125208e+00
1.168826203089869065e+00
1.169995613900913556e+00
1.171166194707669472e+00
1.172337946680717558e+00
1.173510870991810284e+00
1.174684968813871633e+00
1.175860241320999755e+00
1.177036689688466975e+00
1.178214315092722231e+00
1.179393118711390631e+00
1.180573101723276119e+00
1.181754265308361473e+00
1.182936610647810749e+00
1.184120138923969279e+00
1.185304851320365671e+00
1.186490749021711810e+00
1.187677833213905965e+00
1.188866105084032343e+00
1.190055565820362649e+00
1.191246216612358078e+00
1.192438058650669541e+00
1.193631093127138776e+00
1.194825321234800786e+00
1.196020744167883620e+00
1.197217363121810152e+00
1.198415179293199628e+00
1.199614193879868340e+00
1.200814408080830731e+00
1.202015823096301617e+00
1.203218440127695299e+00
1.204422260377629783e+00
1.205627285049924780e+00
1.206833515349605257e+00
1.208040952482901886e+00
1.209249597657251485e+00
1.210459452081299458e+00
1.211670516964900690e+00
1.212882793519119540e+00
1.214096282956233175e+00
1.215310986489730682e+00
1.216526905334316400e+00
1.217744040705908581e+00
1.218962393821642953e+00
1.220181965899872489e+00
1.221402758160169855e+00
1.222624771823327183e+00
1.223848008111358077e+00
1.225072468247499158e+00
1.226298153456210738e+00
1.227525064963177703e+00
1.228753203995312182e+00
1.229982571780752876e+00
1.231213169548867725e+00
1.232444998530254798e+00
1.233678059956743178e+00
1.234912355061394296e+00
1.236147885078503483e+00
1.237384651243600642e+00
1.238622654793452238e+00
1.239861896966061972e+00
1.241102379000671663e+00
1.242344102137764139e+00
1.243587067619061903e+00
1.244831276687531130e+00
1.246076730587380776e+00
1.247323430564064806e+00
1.248571377864283516e+00
1.249820573735983986e+00
1.251071019428362296e+00
1.252322716191864416e+00
1.253575665278187090e+00
1.254829867940279398e+00
1.256085325432344302e+00
1.257342039009839096e+00
1.258600009929478070e+00
1.259859239449231616e+00
1.261119728828329345e+00
1.262381479327261413e+00
1.263644492207777859e+00
1.264908768732891930e+00
1.266174310166879868e+00
1.267441117775283788e+00
1.268709192824910792e+00
1.269978536583836748e+00
1.271249150321404731e+00
1.272521035308229242e+00
1.273794192816194881e+00
1.275068624118459448e+00
1.276344330489454615e+00
1.277621313204886588e+00
1.278899573541738333e+00
1.280179112778270012e+00
1.281459932194021212e+00
1.282742033069811383e+00
1.284025416687741394e+00
1.285310084331195313e+00
1.286596037284840621e+00
1.287883276834630442e+00
1.289171804267804200e+00
1.290461620872890069e+00
1.291752727939704082e+00
1.293045126759353680e+00
1.294338818624237719e+00
1.295633804828048463e+00
1.296930086665771809e+00
1.298227665433690170e+00
1.299526542429381815e+00
1.300826718951724414e+00
1.302128196300894158e+00
1.303430975778368861e+00
1.304735058686927962e+00
1.306040446330654525e+00
1.307347140014936127e+00
1.308655141046466852e+00
1.309964450733247521e+00
1.311275070384588126e+00
1.312587001311108503e+00
1.313900244824739438e+00
1.315214802238724667e+00
1.316530674867621764e+00
1.317847864027303473e+00
1.319166371034958818e+00
1.320486197209095325e+00
1.321807343869539242e+00
1.323129812337437095e+00
1.324453603935257462e+00
1.325778719986792087e+00
1.327105161817157208e+00
1.328432930752794894e+00
1.329762028121473927e+00
1.331092455252291806e+00
1.332424213475675856e+00
1.333757304123384557e+00
1.335091728528508437e+00
1.336427488025472288e+00
1.337764583950035391e+00
1.339103017639293958e+00
1.340442790431681575e+00
1.341783903666971423e+00
1.343126358686276944e+00
1.344470156832052954e+00
1.345815299448097857e+00
1.347161787879554096e+00
1.348509623472910812e+00
1.349858807576003183e+00
1.351209341538015751e+00
1.352561226709482423e+00
1.353914464442288468e+00
1.355269056089671853e+00
1.356625003006224128e+00
1.357982306547892648e+00
1.359340968071980571e+00
1.360700988937150191e+00
1.362062370503422049e+00
1.363425114132177818e+00
1.364789221186161416e+00
1.366154693029479894e+00
1.367521531027605430e+00
1.368889736547375779e+00
1.370259310956996490e+00
1.371630255626042905e+00
1.373002571925458826e+00
1.374376261227561180e+00
1.375751324906039352e+00
1.377127764335957183e+00
1.378505580893753857e+00
1.379884775957246568e+00
1.381265350905630074e+00
1.382647307119479585e+00
1.384030645980751650e+00
1.385415368872784825e+00
1.386801477180302333e+00
1.388188972289412515e+00
1.389577855587610822e+00
1.390968128463780262e+00
1.392359792308194510e+00
1.393752848512516573e+00
1.395147298469803676e+00
1.396543143574505486e+00
1.397940385222466997e+00
1.399339024810930532e+00
1.400739063738535295e+00
1.402140503405320482e+00
1.403543345212726168e+00
1.404947590563593973e+00
1.406353240862169285e+00
1.407760297514102810e+00
1.409168761926451019e+00
1.410578635507678591e+00
1.411989919667659299e+00
1.413402615817677122e+00
1.414816725370428685e+00
1.416232249740023486e+00
1.417649190341986332e+00
1.419067548593257566e+00
1.420487325912195287e+00
1.421908523718577566e+00
1.423331143433602008e+00
1.424755186479888414e+00
1.426180654281480109e+00
1.427607548263845061e+00
1.429035869853877205e+00
1.430465620479898226e+00
1.431896801571658662e+00
1.433329414560340354e+00
1.434763460878555774e+00
1.436198941960352027e+00
1.437635859241209735e+00
1.439074214158046594e+00
1.440514008149217151e+00
1.441955242654516134e+00
1.443397919115178007e+00
1.444842038973879195e+00
1.446287603674739852e+00
1.447734614663324759e+00
1.449183073386644871e+00
1.450632981293158874e+00
1.452084339832775406e+00
1.453537150456852611e+00
1.454991414618201473e+00
1.456447133771086033e+00
1.457904309371226059e+00
1.459362942875796820e+00
1.460823035743431975e+00
1.462284589434224680e+00
1.463747605409728481e+00
1.465212085132959974e+00
1.466678030068398808e+00
1.468145441681989682e+00
1.469614321441144567e+00
1.471084670814743145e+00
1.472556491273135482e+00
1.474029784288141576e+00
1.475504551333054915e+00
1.476980793882642695e+00
1.478458513413147157e+00
1.479937711402288469e+00
1.481418389329264507e+00
1.482900548674753072e+00
1.484384190920914337e+00
1.485869317551389734e+00
1.487355930051306840e+00
1.488844029907277600e+00
1.490333618607402766e+00
1.491824697641270570e+00
1.493317268499960049e+00
1.494811332676042825e+00
1.496306891663582661e+00
1.497803946958139010e+00
1.499302500056767018e+00
1.500802552458020189e+00
1.502304105661950384e+00
1.503807161170112039e+00
1.505311720485559723e+00
1.506817785112853691e+00
1.508325356558058328e+00
1.509834436328745033e+00
1.511345025933993780e+00
1.512857126884394665e+00
1.514370740692048356e+00
1.515885868870568975e+00
1.517402512935084991e+00
1.518920674402240101e+00
1.520440354790196347e+00
1.521961555618633888e+00
1.523484278408754111e+00
1.525008524683279632e+00
1.526534295966456733e+00
1.528061593784057370e+00
1.529590419663378942e+00
1.531120775133247625e+00
1.532652661724018817e+00
1.534186080967579802e+00
1.535721034397349305e+00
1.537257523548281490e+00
1.538795549956865294e+00
1.540335115161127089e+00
1.541876220700632683e+00
1.543418868116487097e+00
1.544963058951338564e+00
1.546508794749377635e+00
1.548056077056340296e+00
1.549604907419509070e+00
1.551155287387714354e+00
1.552707218511336196e+00
1.554260702342306066e+00
1.555815740434107752e+00
1.557372334341779574e+00
1.558930485621915274e+00
1.560490195832666904e+00
1.562051466533744382e+00
1.563614299286418374e+00
1.565178695653521856e+00
1.566744657199451662e+00
1.568312185490168931e+00
1.569881282093202657e+00
1.571451948577649249e+00
1.573024186514175415e+00
1.574597997475018829e+00
1.576173383033991238e+00
1.577750344766478019e+00
1.579328884249441067e+00
1.580909003061420126e+00
1.582490702782533676e+00
1.584073984994482043e+00
1.585658851280547177e+00
1.587245303225595983e+00
1.588833342416080319e+00
1.590422970440039441e+00
1.592014188887101334e+00
1.593606999348484932e+00
1.595201403417000785e+00
1.596797402687052836e+00
1.598394998754640639e+00
1.599994193217360250e+00
1.601594987674406667e+00
1.603197383726574277e+00
1.604801382976259072e+00
1.606406987027460653e+00
1.608014197485782892e+00
1.609623015958436820e+00
1.611233444054241071e+00
1.612845483383623213e+00
1.614459135558623304e+00
1.616074402192893444e+00
1.617691284901700444e+00
1.619309785301927374e+00
1.620929905012074457e+00
1.622551645652261509e+00
1.624175008844229495e+00
1.625799996211341858e+00
1.627426609378585631e+00
1.629054849972574326e+00
1.630684719621549039e+00
1.632316219955379122e+00
1.633949352605565286e+00
1.635584119205240050e+00
1.637220521389170402e+00
1.638858560793758690e+00
1.640498239057044172e+00
1.642139557818705464e+00
1.643782518720061425e+00
1.645427123404072933e+00
1.647073373515345329e+00
1.648721270700128416e+00
1.650370816606319346e+00
1.652022012883464619e+00
1.653674861182760525e+00
1.655329363157054923e+00
1.656985520460851014e+00
1.658643334750305121e+00
1.660302807683232906e+00
1.661963940919106264e+00
1.663626736119059091e+00
1.665291194945886399e+00
1.666957319064047871e+00
